Format:             MT2DData_1.0
#Description:      Data file generated by MATLAB at 27-Aug-2022 14:15:03
#Comments:         
Receiver Location (m):    41
#     Y     Z
        0.00         0.00
      400.00         0.00
      800.00         0.00
     1200.00         0.00
     1600.00         0.00
     2000.00         0.00
     2400.00         0.00
     2800.00         0.00
     3200.00         0.00
     3600.00         0.00
     4000.00         0.00
     4400.00         0.00
     4800.00         0.00
     5200.00         0.00
     5600.00         0.00
     6000.00         0.00
     6400.00         0.00
     6800.00         0.00
     7200.00         0.00
     7600.00         0.00
     8000.00         0.00
     8400.00         0.00
     8800.00         0.00
     9200.00         0.00
     9600.00         0.00
    10000.00         0.00
    10400.00         0.00
    10800.00         0.00
    11200.00         0.00
    11600.00         0.00
    12000.00         0.00
    12400.00         0.00
    12800.00         0.00
    13200.00         0.00
    13600.00         0.00
    14000.00         0.00
    14400.00         0.00
    14800.00         0.00
    15200.00         0.00
    15600.00         0.00
    16000.00         0.00
Frequencies (Hz):    11
    1.00000e+02
    3.98110e+01
    1.58490e+01
    6.30960e+00
    2.51190e+00
    1.00000e+00
    3.98110e-01
    1.58490e-01
    6.30960e-02
    2.51190e-02
    1.00000e-02
DataType:  Impedance
DataComp:     2
ZXY
ZYX
Data Block:     902
# FreqNo.  RxNo.   DataType    RealValue     ImagValue      Error
    1      1        1    2.004879e-01    1.986622e-01    1.406133e-02
    1      1        2   -1.815385e-01   -1.987207e-01    1.403792e-02
    1      2        1    2.007429e-01    1.986635e-01    1.406136e-02
    1      2        2   -2.128866e-01   -1.987209e-01    1.403793e-02
    1      3        1    1.869962e-01    1.986660e-01    1.406133e-02
    1      3        2   -2.007160e-01   -1.987214e-01    1.403794e-02
    1      4        1    1.963421e-01    1.986671e-01    1.406097e-02
    1      4        2   -2.104842e-01   -1.987223e-01    1.403793e-02
    1      5        1    2.015532e-01    1.986551e-01    1.405970e-02
    1      5        2   -1.805464e-01   -1.987218e-01    1.403775e-02
    1      6        1    1.954518e-01    1.986012e-01    1.405671e-02
    1      6        2   -2.011884e-01   -1.987128e-01    1.403712e-02
    1      7        1    1.708891e-01    1.984630e-01    1.405223e-02
    1      7        2   -2.091833e-01   -1.986768e-01    1.403570e-02
    1      8        1    1.796041e-01    1.982280e-01    1.405055e-02
    1      8        2   -2.037821e-01   -1.985836e-01    1.403413e-02
    1      9        1    2.071457e-01    1.980166e-01    1.406345e-02
    1      9        2   -1.772319e-01   -1.984273e-01    1.403756e-02
    1     10        1    2.262127e-01    1.981207e-01    1.410584e-02
    1     10        2   -2.010017e-01   -1.983315e-01    1.406050e-02
    1     11        1    1.977035e-01    1.986415e-01    1.417394e-02
    1     11        2   -1.892229e-01   -1.985186e-01    1.411699e-02
    1     12        1    2.104579e-01    1.990563e-01    1.423272e-02
    1     12        2   -1.914793e-01   -1.987416e-01    1.418063e-02
    1     13        1    2.153151e-01    1.990761e-01    1.425973e-02
    1     13        2   -2.243575e-01   -1.986203e-01    1.421170e-02
    1     14        1    2.122234e-01    1.989521e-01    1.426605e-02
    1     14        2   -2.050037e-01   -1.983815e-01    1.421705e-02
    1     15        1    1.937555e-01    1.988633e-01    1.426607e-02
    1     15        2   -2.136562e-01   -1.982331e-01    1.421526e-02
    1     16        1    2.228995e-01    1.988459e-01    1.426607e-02
    1     16        2   -2.153315e-01   -1.982131e-01    1.421542e-02
    1     17        1    1.869496e-01    1.989064e-01    1.426737e-02
    1     17        2   -2.007574e-01   -1.983460e-01    1.421968e-02
    1     18        1    2.329942e-01    1.990571e-01    1.426772e-02
    1     18        2   -2.032176e-01   -1.986859e-01    1.422334e-02
    1     19        1    2.083735e-01    1.992448e-01    1.425706e-02
    1     19        2   -2.159679e-01   -1.991364e-01    1.420547e-02
    1     20        1    2.265832e-01    1.991630e-01    1.421175e-02
    1     20        2   -1.986334e-01   -1.991436e-01    1.412603e-02
    1     21        1    2.082542e-01    1.983423e-01    1.411115e-02
    1     21        2   -2.105661e-01   -1.982821e-01    1.398429e-02
    1     22        1    2.103454e-01    1.971491e-01    1.398490e-02
    1     22        2   -1.894589e-01   -1.976186e-01    1.387652e-02
    1     23        1    1.802505e-01    1.965231e-01    1.388860e-02
    1     23        2   -1.931886e-01   -1.975413e-01    1.383448e-02
    1     24        1    1.886534e-01    1.965535e-01    1.383973e-02
    1     24        2   -1.918315e-01   -1.976353e-01    1.382396e-02
    1     25        1    1.906943e-01    1.968403e-01    1.382420e-02
    1     25        2   -1.958449e-01   -1.977113e-01    1.382242e-02
    1     26        1    1.796371e-01    1.970822e-01    1.382434e-02
    1     26        2   -1.976539e-01   -1.977482e-01    1.382252e-02
    1     27        1    2.046019e-01    1.971879e-01    1.383104e-02
    1     27        2   -1.690695e-01   -1.977544e-01    1.382276e-02
    1     28        1    1.782835e-01    1.972182e-01    1.384440e-02
    1     28        2   -1.655931e-01   -1.977357e-01    1.382403e-02
    1     29        1    2.161396e-01    1.973343e-01    1.387038e-02
    1     29        2   -1.911209e-01   -1.977204e-01    1.383084e-02
    1     30        1    1.916445e-01    1.977168e-01    1.391434e-02
    1     30        2   -2.037118e-01   -1.978385e-01    1.385536e-02
    1     31        1    2.084527e-01    1.983561e-01    1.397161e-02
    1     31        2   -2.048618e-01   -1.983165e-01    1.391326e-02
    1     32        1    1.912893e-01    1.989002e-01    1.402436e-02
    1     32        2   -1.843107e-01   -1.989136e-01    1.398619e-02
    1     33        1    2.046331e-01    1.990682e-01    1.405636e-02
    1     33        2   -1.851434e-01   -1.990598e-01    1.402848e-02
    1     34        1    2.060224e-01    1.989699e-01    1.406760e-02
    1     34        2   -2.038209e-01   -1.989349e-01    1.404058e-02
    1     35        1    1.918487e-01    1.988185e-01    1.406775e-02
    1     35        2   -1.871462e-01   -1.988095e-01    1.404094e-02
    1     36        1    1.896596e-01    1.987171e-01    1.406496e-02
    1     36        2   -1.816868e-01   -1.987469e-01    1.403939e-02
    1     37        1    2.102021e-01    1.986725e-01    1.406277e-02
    1     37        2   -1.943015e-01   -1.987252e-01    1.403841e-02
    1     38        1    1.991105e-01    1.986602e-01    1.406172e-02
    1     38        2   -1.932024e-01   -1.987201e-01    1.403802e-02
    1     39        1    2.271789e-01    1.986599e-01    1.406139e-02
    1     39        2   -1.999106e-01   -1.987198e-01    1.403791e-02
    1     40        1    1.771653e-01    1.986616e-01    1.406134e-02
    1     40        2   -1.714474e-01   -1.987202e-01    1.403790e-02
    1     41        1    2.076278e-01    1.986627e-01    1.406136e-02
    1     41        2   -2.074265e-01   -1.987205e-01    1.403790e-02
    2      1        1    1.431411e-01    1.253219e-01    8.864768e-03
    2      1        2   -1.204224e-01   -1.253644e-01    8.862509e-03
    2      2        1    1.280302e-01    1.252819e-01    8.863740e-03
    2      2        2   -1.322010e-01   -1.253597e-01    8.862421e-03
    2      3        1    1.160268e-01    1.252235e-01    8.863199e-03
    2      3        2   -1.409872e-01   -1.253531e-01    8.862445e-03
    2      4        1    1.218235e-01    1.251570e-01    8.864639e-03
    2      4        2   -1.346665e-01   -1.253463e-01    8.862852e-03
    2      5        1    1.315337e-01    1.251204e-01    8.870965e-03
    2      5        2   -1.281881e-01   -1.253464e-01    8.864255e-03
    2      6        1    1.418750e-01    1.252040e-01    8.886914e-03
    2      6        2   -1.120550e-01   -1.253749e-01    8.868032e-03
    2      7        1    1.281444e-01    1.255764e-01    8.918753e-03
    2      7        2   -1.281028e-01   -1.254889e-01    8.877076e-03
    2      8        1    1.376182e-01    1.264971e-01    8.972436e-03
    2      8        2   -1.360209e-01   -1.258313e-01    8.897224e-03
    2      9        1    1.337836e-01    1.282640e-01    9.049261e-03
    2      9        2   -1.320865e-01   -1.267226e-01    8.938846e-03
    2     10        1    1.238492e-01    1.310107e-01    9.140873e-03
    2     10        2   -1.323336e-01   -1.287178e-01    9.015830e-03
    2     11        1    1.320049e-01    1.343522e-01    9.233210e-03
    2     11        2   -1.332096e-01   -1.321765e-01    9.134063e-03
    2     12        1    1.160874e-01    1.373471e-01    9.319335e-03
    2     12        2   -1.207870e-01   -1.360514e-01    9.268753e-03
    2     13        1    1.219458e-01    1.392796e-01    9.388145e-03
    2     13        2   -1.227790e-01   -1.387349e-01    9.376312e-03
    2     14        1    1.228084e-01    1.402274e-01    9.430230e-03
    2     14        2   -1.240616e-01   -1.400880e-01    9.441111e-03
    2     15        1    1.073947e-01    1.405949e-01    9.449471e-03
    2     15        2   -1.224729e-01   -1.406241e-01    9.470334e-03
    2     16        1    1.438354e-01    1.406535e-01    9.452362e-03
    2     16        2   -1.170055e-01   -1.406967e-01    9.471847e-03
    2     17        1    1.347707e-01    1.404559e-01    9.440224e-03
    2     17        2   -1.287062e-01   -1.403083e-01    9.443788e-03
    2     18        1    1.275910e-01    1.398309e-01    9.407516e-03
    2     18        2   -1.234118e-01   -1.390436e-01    9.372011e-03
    2     19        1    1.265489e-01    1.383369e-01    9.344058e-03
    2     19        2   -1.326216e-01   -1.360362e-01    9.235634e-03
    2     20        1    1.227435e-01    1.353758e-01    9.247001e-03
    2     20        2   -1.265630e-01   -1.304140e-01    9.031741e-03
    2     21        1    1.231314e-01    1.308324e-01    9.134964e-03
    2     21        2   -1.188190e-01   -1.231524e-01    8.816490e-03
    2     22        1    1.475846e-01    1.256434e-01    9.023090e-03
    2     22        2   -1.386963e-01   -1.177877e-01    8.668909e-03
    2     23        1    1.319126e-01    1.210637e-01    8.910244e-03
    2     23        2   -1.399144e-01   -1.152441e-01    8.593925e-03
    2     24        1    1.424913e-01    1.177414e-01    8.807542e-03
    2     24        2   -1.154535e-01   -1.142479e-01    8.560786e-03
    2     25        1    1.161990e-01    1.157023e-01    8.728130e-03
    2     25        2   -1.108745e-01   -1.138693e-01    8.546798e-03
    2     26        1    1.208038e-01    1.147288e-01    8.677407e-03
    2     26        2   -1.255266e-01   -1.137223e-01    8.541049e-03
    2     27        1    1.392193e-01    1.145989e-01    8.654097e-03
    2     27        2   -1.261987e-01   -1.136936e-01    8.539788e-03
    2     28        1    1.464840e-01    1.151578e-01    8.652800e-03
    2     28        2   -1.103608e-01   -1.138124e-01    8.543445e-03
    2     29        1    1.296887e-01    1.163003e-01    8.665372e-03
    2     29        2   -1.436990e-01   -1.142592e-01    8.555907e-03
    2     30        1    1.243244e-01    1.179060e-01    8.682805e-03
    2     30        2   -1.343600e-01   -1.154428e-01    8.584323e-03
    2     31        1    1.195874e-01    1.197728e-01    8.700925e-03
    2     31        2   -1.360149e-01   -1.178379e-01    8.635892e-03
    2     32        1    1.258269e-01    1.216215e-01    8.725392e-03
    2     32        2   -1.078770e-01   -1.209343e-01    8.706720e-03
    2     33        1    1.183028e-01    1.231794e-01    8.759519e-03
    2     33        2   -1.273323e-01   -1.232707e-01    8.773323e-03
    2     34        1    1.347540e-01    1.242914e-01    8.795888e-03
    2     34        2   -1.142052e-01   -1.245106e-01    8.818004e-03
    2     35        1    1.289624e-01    1.249641e-01    8.826148e-03
    2     35        2   -1.159705e-01   -1.250526e-01    8.842208e-03
    2     36        1    1.326293e-01    1.253035e-01    8.846959e-03
    2     36        2   -1.285392e-01   -1.252637e-01    8.853787e-03
    2     37        1    1.289379e-01    1.254357e-01    8.859135e-03
    2     37        2   -1.278797e-01   -1.253397e-01    8.858967e-03
    2     38        1    1.173056e-01    1.254610e-01    8.865145e-03
    2     38        2   -1.196432e-01   -1.253650e-01    8.861208e-03
    2     39        1    1.259651e-01    1.254432e-01    8.867480e-03
    2     39        2   -1.269459e-01   -1.253723e-01    8.862166e-03
    2     40        1    1.279954e-01    1.254157e-01    8.867971e-03
    2     40        2   -1.165444e-01   -1.253735e-01    8.862573e-03
    2     41        1    1.289094e-01    1.253924e-01    8.867734e-03
    2     41        2   -1.235789e-01   -1.253727e-01    8.862732e-03
    3      1        1    8.105779e-02    7.911764e-02    5.607602e-03
    3      1        2   -7.882630e-02   -7.915702e-02    5.595687e-03
    3      2        1    7.528723e-02    7.925196e-02    5.617621e-03
    3      2        2   -7.469907e-02   -7.918710e-02    5.596372e-03
    3      3        1    8.773364e-02    7.949020e-02    5.631736e-03
    3      3        2   -8.206782e-02   -7.922805e-02    5.596984e-03
    3      4        1    9.083323e-02    7.988152e-02    5.650556e-03
    3      4        2   -8.002051e-02   -7.928410e-02    5.597396e-03
    3      5        1    7.861532e-02    8.048563e-02    5.673992e-03
    3      5        2   -8.398047e-02   -7.936471e-02    5.597506e-03
    3      6        1    7.534344e-02    8.136700e-02    5.700490e-03
    3      6        2   -8.415483e-02   -7.949282e-02    5.597281e-03
    3      7        1    8.136552e-02    8.257819e-02    5.725787e-03
    3      7        2   -6.963414e-02   -7.972265e-02    5.596717e-03
    3      8        1    8.118506e-02    8.412204e-02    5.741295e-03
    3      8        2   -7.329247e-02   -8.017295e-02    5.595297e-03
    3      9        1    8.366852e-02    8.588718e-02    5.733418e-03
    3      9        2   -8.816994e-02   -8.107213e-02    5.590188e-03
    3     10        1    7.165216e-02    8.760876e-02    5.689210e-03
    3     10        2   -7.273540e-02   -8.275463e-02    5.574248e-03
    3     11        1    7.251467e-02    8.904434e-02    5.616767e-03
    3     11        2   -7.798962e-02   -8.539228e-02    5.544825e-03
    3     12        1    5.924446e-02    9.029138e-02    5.557902e-03
    3     12        2   -6.197775e-02   -8.838239e-02    5.525701e-03
    3     13        1    6.187546e-02    9.143207e-02    5.538210e-03
    3     13        2   -6.027553e-02   -9.072534e-02    5.532282e-03
    3     14        1    5.608258e-02    9.228861e-02    5.542565e-03
    3     14        2   -7.087217e-02   -9.213392e-02    5.547299e-03
    3     15        1    6.522179e-02    9.275141e-02    5.550546e-03
    3     15        2   -5.457186e-02   -9.274473e-02    5.555907e-03
    3     16        1    7.000985e-02    9.283215e-02    5.552575e-03
    3     16        2   -6.968316e-02   -9.267296e-02    5.552206e-03
    3     17        1    5.377392e-02    9.253940e-02    5.547001e-03
    3     17        2   -6.991016e-02   -9.188723e-02    5.535463e-03
    3     18        1    6.170865e-02    9.183493e-02    5.538534e-03
    3     18        2   -6.674182e-02   -9.019964e-02    5.511160e-03
    3     19        1    7.101675e-02    9.073328e-02    5.543957e-03
    3     19        2   -7.487219e-02   -8.732429e-02    5.499355e-03
    3     20        1    5.752254e-02    8.945141e-02    5.596256e-03
    3     20        2   -7.219828e-02   -8.317479e-02    5.544434e-03
    3     21        1    7.962516e-02    8.825730e-02    5.720434e-03
    3     21        2   -8.633268e-02   -7.863214e-02    5.672470e-03
    3     22        1    7.177636e-02    8.695601e-02    5.881582e-03
    3     22        2   -8.884649e-02   -7.545313e-02    5.795223e-03
    3     23        1    7.498951e-02    8.524723e-02    6.013146e-03
    3     23        2   -9.075462e-02   -7.393426e-02    5.856860e-03
    3     24        1    9.387011e-02    8.333946e-02    6.090029e-03
    3     24        2   -9.068998e-02   -7.334943e-02    5.881911e-03
    3     25        1    7.957122e-02    8.157621e-02    6.120119e-03
    3     25        2   -9.557236e-02   -7.315841e-02    5.893119e-03
    3     26        1    9.058920e-02    8.014715e-02    6.117215e-03
    3     26        2   -8.190098e-02   -7.311424e-02    5.899238e-03
    3     27        1    9.821712e-02    7.908953e-02    6.090622e-03
    3     27        2   -9.300155e-02   -7.313314e-02    5.902371e-03
    3     28        1    9.996540e-02    7.834770e-02    6.043978e-03
    3     28        2   -9.873533e-02   -7.322063e-02    5.901368e-03
    3     29        1    8.866434e-02    7.781544e-02    5.977054e-03
    3     29        2   -8.379066e-02   -7.345892e-02    5.890841e-03
    3     30        1    9.766709e-02    7.737897e-02    5.889862e-03
    3     30        2   -8.652728e-02   -7.401967e-02    5.857592e-03
    3     31        1    8.933742e-02    7.699990e-02    5.790190e-03
    3     31        2   -9.144302e-02   -7.508943e-02    5.786085e-03
    3     32        1    8.844828e-02    7.678087e-02    5.697724e-03
    3     32        2   -8.918942e-02   -7.650105e-02    5.698172e-03
    3     33        1    8.554923e-02    7.681962e-02    5.629609e-03
    3     33        2   -8.024238e-02   -7.768618e-02    5.641740e-03
    3     34        1    8.730558e-02    7.707534e-02    5.588312e-03
    3     34        2   -8.283159e-02   -7.840910e-02    5.616611e-03
    3     35        1    8.356123e-02    7.744361e-02    5.567898e-03
    3     35        2   -7.534580e-02   -7.877181e-02    5.606212e-03
    3     36        1    7.445479e-02    7.783292e-02    5.561112e-03
    3     36        2   -7.861563e-02   -7.893141e-02    5.601105e-03
    3     37        1    8.801427e-02    7.818609e-02    5.562072e-03
    3     37        2   -7.870664e-02   -7.899599e-02    5.597897e-03
    3     38        1    7.725519e-02    7.847650e-02    5.566716e-03
    3     38        2   -7.669037e-02   -7.902286e-02    5.595643e-03
    3     39        1    7.738347e-02    7.869837e-02    5.572532e-03
    3     39        2   -7.670828e-02   -7.903763e-02    5.594097e-03
    3     40        1    7.816401e-02    7.885779e-02    5.578137e-03
    3     40        2   -7.925054e-02   -7.904975e-02    5.593137e-03
    3     41        1    8.151448e-02    7.896616e-02    5.582894e-03
    3     41        2   -7.150297e-02   -7.906155e-02    5.592630e-03
    4      1        1    5.172587e-02    5.110495e-02    3.578619e-03
    4      1        2   -4.383301e-02   -4.982814e-02    3.516359e-03
    4      2        1    4.274041e-02    5.145668e-02    3.584231e-03
    4      2        2   -5.115173e-02   -4.975528e-02    3.511827e-03
    4      3        1    5.042825e-02    5.186732e-02    3.587671e-03
    4      3        2   -5.244243e-02   -4.965654e-02    3.506216e-03
    4      4        1    4.449553e-02    5.233016e-02    3.586970e-03
    4      4        2   -4.728860e-02   -4.952919e-02    3.499367e-03
    4      5        1    5.050128e-02    5.282484e-02    3.579161e-03
    4      5        2   -4.835550e-02   -4.937467e-02    3.491000e-03
    4      6        1    4.860244e-02    5.330747e-02    3.559870e-03
    4      6        2   -5.226778e-02   -4.920281e-02    3.480404e-03
    4      7        1    4.386538e-02    5.369640e-02    3.522914e-03
    4      7        2   -4.935369e-02   -4.903786e-02    3.465597e-03
    4      8        1    4.108167e-02    5.385777e-02    3.460342e-03
    4      8        2   -4.726752e-02   -4.892414e-02    3.441317e-03
    4      9        1    4.738703e-02    5.361279e-02    3.364312e-03
    4      9        2   -4.873034e-02   -4.892208e-02    3.395263e-03
    4     10        1    3.940031e-02    5.282957e-02    3.233709e-03
    4     10        2   -4.773667e-02   -4.907859e-02    3.306306e-03
    4     11        1    3.792765e-02    5.165872e-02    3.086502e-03
    4     11        2   -4.266614e-02   -4.939086e-02    3.165243e-03
    4     12        1    3.131774e-02    5.063060e-02    2.960548e-03
    4     12        2   -3.613148e-02   -4.983390e-02    3.023754e-03
    4     13        1    2.988119e-02    5.011173e-02    2.880154e-03
    4     13        2   -3.038370e-02   -5.030583e-02    2.939334e-03
    4     14        1    2.682193e-02    5.000259e-02    2.840067e-03
    4     14        2   -2.253757e-02   -5.066456e-02    2.902680e-03
    4     15        1    2.442250e-02    5.004994e-02    2.824691e-03
    4     15        2   -2.764471e-02   -5.086518e-02    2.891375e-03
    4     16        1    3.170882e-02    5.007653e-02    2.822660e-03
    4     16        2   -3.088536e-02   -5.092176e-02    2.895203e-03
    4     17        1    2.807275e-02    5.004623e-02    2.831625e-03
    4     17        2   -3.165778e-02   -5.085556e-02    2.915327e-03
    4     18        1    3.055971e-02    5.007685e-02    2.859266e-03
    4     18        2   -2.979999e-02   -5.069354e-02    2.965088e-03
    4     19        1    3.144762e-02    5.043769e-02    2.922616e-03
    4     19        2   -3.600337e-02   -5.051231e-02    3.076805e-03
    4     20        1    3.320570e-02    5.148279e-02    3.043066e-03
    4     20        2   -3.761012e-02   -5.049014e-02    3.298769e-03
    4     21        1    2.991070e-02    5.337253e-02    3.229301e-03
    4     21        2   -5.740363e-02   -5.074913e-02    3.615118e-03
    4     22        1    4.230370e-02    5.563754e-02    3.451760e-03
    4     22        2   -6.052637e-02   -5.102683e-02    3.862457e-03
    4     23        1    4.418073e-02    5.749268e-02    3.658663e-03
    4     23        2   -6.693174e-02   -5.119664e-02    3.980821e-03
    4     24        1    4.556711e-02    5.859073e-02    3.819739e-03
    4     24        2   -6.368800e-02   -5.133345e-02    4.026975e-03
    4     25        1    4.908486e-02    5.899244e-02    3.929878e-03
    4     25        2   -6.591564e-02   -5.146966e-02    4.044824e-03
    4     26        1    5.232644e-02    5.887379e-02    3.994803e-03
    4     26        2   -6.632274e-02   -5.160000e-02    4.052509e-03
    4     27        1    6.073137e-02    5.837979e-02    4.021849e-03
    4     27        2   -6.649114e-02   -5.171269e-02    4.055333e-03
    4     28        1    6.330803e-02    5.759315e-02    4.016724e-03
    4     28        2   -6.384534e-02   -5.179586e-02    4.052038e-03
    4     29        1    5.033366e-02    5.654951e-02    3.983374e-03
    4     29        2   -6.433997e-02   -5.182743e-02    4.034462e-03
    4     30        1    5.942869e-02    5.528074e-02    3.925917e-03
    4     30        2   -5.636894e-02   -5.175276e-02    3.983630e-03
    4     31        1    5.568702e-02    5.388966e-02    3.852522e-03
    4     31        2   -5.685809e-02   -5.149805e-02    3.877127e-03
    4     32        1    5.662781e-02    5.258597e-02    3.777220e-03
    4     32        2   -6.005523e-02   -5.115037e-02    3.740732e-03
    4     33        1    5.127074e-02    5.154425e-02    3.712001e-03
    4     33        2   -5.875585e-02   -5.091663e-02    3.642081e-03
    4     34        1    5.107930e-02    5.079421e-02    3.660531e-03
    4     34        2   -4.737673e-02   -5.078064e-02    3.590905e-03
    4     35        1    5.472823e-02    5.028667e-02    3.621561e-03
    4     35        2   -4.309967e-02   -5.066789e-02    3.567475e-03
    4     36        1    5.224030e-02    4.995976e-02    3.592632e-03
    4     36        2   -5.715436e-02   -5.055075e-02    3.556513e-03
    4     37        1    5.727713e-02    4.976135e-02    3.571446e-03
    4     37        2   -4.543879e-02   -5.043098e-02    3.550506e-03
    4     38        1    4.885124e-02    4.965201e-02    3.556153e-03
    4     38        2   -4.919917e-02   -5.031714e-02    3.546364e-03
    4     39        1    5.343141e-02    4.960287e-02    3.545311e-03
    4     39        2   -4.863112e-02   -5.021589e-02    3.542968e-03
    4     40        1    5.293089e-02    4.959307e-02    3.537803e-03
    4     40        2   -5.039417e-02   -5.013045e-02    3.539978e-03
    4     41        1    5.017424e-02    4.960764e-02    3.532759e-03
    4     41        2   -4.967781e-02   -5.006130e-02    3.537328e-03
    5      1        1    2.811625e-02    3.287567e-02    2.220939e-03
    5      1        2   -2.845699e-02   -3.084099e-02    2.207732e-03
    5      2        1    2.941121e-02    3.290493e-02    2.206203e-03
    5      2        2   -3.017345e-02   -3.073648e-02    2.207321e-03
    5      3        1    2.695203e-02    3.288201e-02    2.186255e-03
    5      3        2   -3.417627e-02   -3.062040e-02    2.207390e-03
    5      4        1    2.792494e-02    3.278112e-02    2.159522e-03
    5      4        2   -3.249725e-02   -3.049338e-02    2.207915e-03
    5      5        1    2.981309e-02    3.256714e-02    2.124005e-03
    5      5        2   -3.074788e-02   -3.035623e-02    2.208527e-03
    5      6        1    2.738163e-02    3.219333e-02    2.077221e-03
    5      6        2   -3.540109e-02   -3.020848e-02    2.207986e-03
    5      7        1    2.309922e-02    3.160042e-02    2.016250e-03
    5      7        2   -3.178323e-02   -3.004368e-02    2.203003e-03
    5      8        1    2.296387e-02    3.072159e-02    1.938154e-03
    5      8        2   -2.913123e-02   -2.983662e-02    2.185805e-03
    5      9        1    2.450658e-02    2.950464e-02    1.841303e-03
    5      9        2   -3.223825e-02   -2.951585e-02    2.140032e-03
    5     10        1    2.182770e-02    2.797054e-02    1.728476e-03
    5     10        2   -2.589266e-02   -2.893684e-02    2.039132e-03
    5     11        1    1.913228e-02    2.630542e-02    1.611285e-03
    5     11        2   -2.173855e-02   -2.799028e-02    1.868912e-03
    5     12        1    1.872705e-02    2.484522e-02    1.508741e-03
    5     12        2   -1.983785e-02   -2.696843e-02    1.684694e-03
    5     13        1    1.722568e-02    2.380638e-02    1.433310e-03
    5     13        2   -1.651339e-02   -2.630889e-02    1.561222e-03
    5     14        1    1.460598e-02    2.317746e-02    1.385324e-03
    5     14        2   -1.438542e-02   -2.601398e-02    1.499518e-03
    5     15        1    1.479802e-02    2.287041e-02    1.360681e-03
    5     15        2   -1.463063e-02   -2.594375e-02    1.476205e-03
    5     16        1    1.706082e-02    2.282085e-02    1.356169e-03
    5     16        2   -1.368874e-02   -2.602515e-02    1.477963e-03
    5     17        1    1.764876e-02    2.301560e-02    1.371063e-03
    5     17        2   -1.512117e-02   -2.627037e-02    1.504580e-03
    5     18        1    1.629210e-02    2.349846e-02    1.407446e-03
    5     18        2   -1.389344e-02   -2.678310e-02    1.569683e-03
    5     19        1    1.938915e-02    2.437027e-02    1.470100e-03
    5     19        2   -1.924460e-02   -2.778413e-02    1.704772e-03
    5     20        1    1.653694e-02    2.576347e-02    1.564976e-03
    5     20        2   -2.387707e-02   -2.953334e-02    1.949077e-03
    5     21        1    1.720756e-02    2.772397e-02    1.693089e-03
    5     21        2   -3.303093e-02   -3.178574e-02    2.269747e-03
    5     22        1    2.182580e-02    3.000723e-02    1.840656e-03
    5     22        2   -3.364051e-02   -3.344483e-02    2.507746e-03
    5     23        1    2.608308e-02    3.217938e-02    1.984439e-03
    5     23        2   -3.966390e-02   -3.423123e-02    2.616909e-03
    5     24        1    2.695665e-02    3.395960e-02    2.108715e-03
    5     24        2   -4.117794e-02   -3.456053e-02    2.655428e-03
    5     25        1    2.803841e-02    3.527083e-02    2.208194e-03
    5     25        2   -3.536863e-02   -3.471765e-02    2.666254e-03
    5     26        1    2.827372e-02    3.613856e-02    2.283247e-03
    5     26        2   -4.122767e-02   -3.481361e-02    2.667512e-03
    5     27        1    2.785364e-02    3.661595e-02    2.336125e-03
    5     27        2   -3.839173e-02   -3.487800e-02    2.664887e-03
    5     28        1    3.307757e-02    3.675167e-02    2.369203e-03
    5     28        2   -3.477522e-02   -3.489976e-02    2.657651e-03
    5     29        1    3.072303e-02    3.658379e-02    2.384521e-03
    5     29        2   -3.922250e-02   -3.482363e-02    2.638665e-03
    5     30        1    2.958546e-02    3.615304e-02    2.384260e-03
    5     30        2   -3.447363e-02   -3.452262e-02    2.591177e-03
    5     31        1    3.125421e-02    3.553644e-02    2.372174e-03
    5     31        2   -3.785346e-02   -3.384458e-02    2.495165e-03
    5     32        1    3.635890e-02    3.486553e-02    2.354427e-03
    5     32        2   -3.220617e-02   -3.296115e-02    2.372299e-03
    5     33        1    3.346080e-02    3.425622e-02    2.336612e-03
    5     33        2   -3.453545e-02   -3.233241e-02    2.282973e-03
    5     34        1    3.288084e-02    3.374907e-02    2.321057e-03
    5     34        2   -3.011494e-02   -3.202225e-02    2.238196e-03
    5     35        1    2.940517e-02    3.333858e-02    2.307994e-03
    5     35        2   -3.141881e-02   -3.189132e-02    2.220889e-03
    5     36        1    3.102382e-02    3.300714e-02    2.297022e-03
    5     36        2   -2.968066e-02   -3.183332e-02    2.216485e-03
    5     37        1    2.965964e-02    3.273803e-02    2.287700e-03
    5     37        2   -2.849272e-02   -3.179797e-02    2.217190e-03
    5     38        1    3.602763e-02    3.251805e-02    2.279682e-03
    5     38        2   -3.167899e-02   -3.176629e-02    2.219457e-03
    5     39        1    3.192404e-02    3.233729e-02    2.272723e-03
    5     39        2   -2.998131e-02   -3.173289e-02    2.221835e-03
    5     40        1    3.464896e-02    3.218821e-02    2.266644e-03
    5     40        2   -3.003847e-02   -3.169743e-02    2.223806e-03
    5     41        1    3.279234e-02    3.206502e-02    2.261318e-03
    5     41        2   -3.235183e-02   -3.166108e-02    2.225254e-03
    6      1        1    1.736767e-02    1.961302e-02    1.320052e-03
    6      1        2   -1.975369e-02   -1.943379e-02    1.416837e-03
    6      2        1    1.961139e-02    1.939193e-02    1.303302e-03
    6      2        2   -1.994866e-02   -1.942400e-02    1.421378e-03
    6      3        1    1.558718e-02    1.911792e-02    1.283661e-03
    6      3        2   -2.029234e-02   -1.941831e-02    1.426805e-03
    6      4        1    1.670453e-02    1.877859e-02    1.260525e-03
    6      4        2   -2.143089e-02   -1.941657e-02    1.433020e-03
    6      5        1    1.619860e-02    1.835857e-02    1.233148e-03
    6      5        2   -2.252551e-02   -1.941610e-02    1.439558e-03
    6      6        1    1.568814e-02    1.783913e-02    1.200610e-03
    6      6        2   -2.254986e-02   -1.940793e-02    1.445100e-03
    6      7        1    1.520155e-02    1.719875e-02    1.161847e-03
    6      7        2   -2.131851e-02   -1.936817e-02    1.446432e-03
    6      8        1    1.531120e-02    1.641643e-02    1.115810e-03
    6      8        2   -2.164246e-02   -1.923962e-02    1.436356e-03
    6      9        1    1.437867e-02    1.548260e-02    1.062008e-03
    6      9        2   -2.061935e-02   -1.889903e-02    1.400249e-03
    6     10        1    1.436552e-02    1.442488e-02    1.001830e-03
    6     10        2   -1.735046e-02   -1.813662e-02    1.314610e-03
    6     11        1    1.383965e-02    1.334567e-02    9.405319e-04
    6     11        2   -1.647769e-02   -1.680994e-02    1.165322e-03
    6     12        1    1.320147e-02    1.240988e-02    8.867964e-04
    6     12        2   -1.303019e-02   -1.530115e-02    9.969850e-04
    6     13        1    1.070870e-02    1.172296e-02    8.465568e-04
    6     13        2   -1.202739e-02   -1.422043e-02    8.771502e-04
    6     14        1    1.050245e-02    1.128436e-02    8.202723e-04
    6     14        2   -9.031543e-03   -1.364200e-02    8.127559e-04
    6     15        1    1.123870e-02    1.105716e-02    8.063013e-04
    6     15        2   -8.747654e-03   -1.340801e-02    7.853676e-04
    6     16        1    1.172955e-02    1.101366e-02    8.033025e-04
    6     16        2   -8.591716e-03   -1.341364e-02    7.828550e-04
    6     17        1    1.126897e-02    1.114747e-02    8.109267e-04
    6     17        2   -8.011179e-03   -1.365786e-02    8.043841e-04
    6     18        1    1.264232e-02    1.147574e-02    8.299475e-04
    6     18        2   -7.950646e-03   -1.425345e-02    8.612961e-04
    6     19        1    1.260673e-02    1.203915e-02    8.622131e-04
    6     19        2   -1.198397e-02   -1.543870e-02    9.789543e-04
    6     20        1    1.232484e-02    1.289036e-02    9.099643e-04
    6     20        2   -1.626125e-02   -1.746051e-02    1.185145e-03
    6     21        1    1.342793e-02    1.404107e-02    9.731185e-04
    6     21        2   -2.345421e-02   -1.998325e-02    1.446338e-03
    6     22        1    1.389481e-02    1.537376e-02    1.045186e-03
    6     22        2   -2.315760e-02   -2.180103e-02    1.635417e-03
    6     23        1    1.418680e-02    1.668808e-02    1.116062e-03
    6     23        2   -2.506187e-02   -2.262624e-02    1.720012e-03
    6     24        1    1.658512e-02    1.784917e-02    1.179242e-03
    6     24        2   -2.450954e-02   -2.292086e-02    1.747793e-03
    6     25        1    1.689270e-02    1.881083e-02    1.232655e-03
    6     25        2   -2.996468e-02   -2.300995e-02    1.753209e-03
    6     26        1    1.566950e-02    1.957345e-02    1.276469e-03
    6     26        2   -2.480335e-02   -2.302836e-02    1.750932e-03
    6     27        1    1.730852e-02    2.015231e-02    1.311535e-03
    6     27        2   -2.624410e-02   -2.301774e-02    1.745719e-03
    6     28        1    1.773146e-02    2.056336e-02    1.338708e-03
    6     28        2   -2.410278e-02   -2.297192e-02    1.737198e-03
    6     29        1    1.767158e-02    2.081948e-02    1.358671e-03
    6     29        2   -2.702944e-02   -2.283635e-02    1.719925e-03
    6     30        1    1.749535e-02    2.093474e-02    1.372098e-03
    6     30        2   -2.534305e-02   -2.248280e-02    1.680897e-03
    6     31        1    1.922613e-02    2.093727e-02    1.380176e-03
    6     31        2   -2.292031e-02   -2.175619e-02    1.604237e-03
    6     32        1    1.896207e-02    2.087816e-02    1.384986e-03
    6     32        2   -2.154155e-02   -2.081994e-02    1.505946e-03
    6     33        1    1.789038e-02    2.080613e-02    1.388535e-03
    6     33        2   -2.030920e-02   -2.014060e-02    1.433243e-03
    6     34        1    1.886339e-02    2.074254e-02    1.391755e-03
    6     34        2   -2.163159e-02   -1.980603e-02    1.396040e-03
    6     35        1    1.896147e-02    2.069041e-02    1.394839e-03
    6     35        2   -1.810992e-02   -1.968429e-02    1.381575e-03
    6     36        1    1.869202e-02    2.064706e-02    1.397742e-03
    6     36        2   -1.715406e-02   -1.966179e-02    1.378314e-03
    6     37        1    1.975047e-02    2.060940e-02    1.400393e-03
    6     37        2   -1.992812e-02   -1.967773e-02    1.379821e-03
    6     38        1    1.885605e-02    2.057516e-02    1.402746e-03
    6     38        2   -1.979281e-02   -1.970463e-02    1.383027e-03
    6     39        1    1.950535e-02    2.054294e-02    1.404788e-03
    6     39        2   -1.843982e-02   -1.973132e-02    1.386578e-03
    6     40        1    1.884005e-02    2.051194e-02    1.406526e-03
    6     40        2   -1.892130e-02   -1.975390e-02    1.389920e-03
    6     41        1    2.179646e-02    2.048176e-02    1.407977e-03
    6     41        2   -1.832694e-02   -1.977154e-02    1.392866e-03
    7      1        1    1.209552e-02    1.156252e-02    8.127391e-04
    7      1        2   -1.410663e-02   -1.255912e-02    9.168024e-04
    7      2        1    1.093994e-02    1.140889e-02    8.053626e-04
    7      2        2   -1.323338e-02   -1.259433e-02    9.215548e-04
    7      3        1    1.122988e-02    1.123113e-02    7.969574e-04
    7      3        2   -1.507290e-02   -1.263621e-02    9.269894e-04
    7      4        1    1.005031e-02    1.102362e-02    7.872668e-04
    7      4        2   -1.272897e-02   -1.268398e-02    9.330075e-04
    7      5        1    1.057639e-02    1.077904e-02    7.759467e-04
    7      5        2   -1.193099e-02   -1.273391e-02    9.392189e-04
    7      6        1    9.546927e-03    1.048801e-02    7.625414e-04
    7      6        2   -1.349288e-02   -1.277559e-02    9.445795e-04
    7      7        1    1.095872e-02    1.013900e-02    7.464626e-04
    7      7        2   -1.468056e-02   -1.278359e-02    9.466160e-04
    7      8        1    1.110873e-02    9.719583e-03    7.270309e-04
    7      8        2   -1.460413e-02   -1.270059e-02    9.398792e-04
    7      9        1    1.123693e-02    9.221659e-03    7.036979e-04
    7      9        2   -1.334607e-02   -1.240886e-02    9.134159e-04
    7     10        1    9.295419e-03    8.655151e-03    6.767043e-04
    7     10        2   -1.400838e-02   -1.171523e-02    8.496474e-04
    7     11        1    9.963305e-03    8.070201e-03    6.482589e-04
    7     11        2   -9.521930e-03   -1.049179e-02    7.374807e-04
    7     12        1    1.001317e-02    7.555041e-03    6.226872e-04
    7     12        2   -8.076631e-03   -9.081627e-03    6.087744e-04
    7     13        1    1.011863e-02    7.171081e-03    6.032961e-04
    7     13        2   -7.131925e-03   -8.043918e-03    5.144370e-04
    7     14        1    1.041191e-02    6.922476e-03    5.905677e-04
    7     14        2   -5.855451e-03   -7.464957e-03    4.619175e-04
    7     15        1    9.518449e-03    6.791321e-03    5.837459e-04
    7     15        2   -5.152756e-03   -7.209874e-03    4.385077e-04
    7     16        1    9.564326e-03    6.763155e-03    5.821485e-04
    7     16        2   -5.761879e-03   -7.182003e-03    4.351589e-04
    7     17        1    1.040321e-02    6.834270e-03    5.855840e-04
    7     17        2   -4.950650e-03   -7.375814e-03    4.511382e-04
    7     18        1    1.078871e-02    7.013066e-03    5.944326e-04
    7     18        2   -5.278615e-03   -7.886585e-03    4.948602e-04
    7     19        1    9.757172e-03    7.319501e-03    6.095920e-04
    7     19        2   -8.113254e-03   -8.915632e-03    5.846084e-04
    7     20        1    8.865855e-03    7.777675e-03    6.320441e-04
    7     20        2   -1.021967e-02   -1.066145e-02    7.388583e-04
    7     21        1    1.037419e-02    8.386741e-03    6.613902e-04
    7     21        2   -1.252224e-02   -1.281839e-02    9.306455e-04
    7     22        1    9.839339e-03    9.078148e-03    6.939890e-04
    7     22        2   -1.496120e-02   -1.435951e-02    1.067883e-03
    7     23        1    1.078347e-02    9.747941e-03    7.248992e-04
    7     23        2   -1.770113e-02   -1.504624e-02    1.128680e-03
    7     24        1    1.149532e-02    1.033363e-02    7.514810e-04
    7     24        2   -1.684028e-02   -1.527320e-02    1.148075e-03
    7     25        1    1.087036e-02    1.081961e-02    7.733279e-04
    7     25        2   -1.502440e-02   -1.531997e-02    1.151130e-03
    7     26        1    1.164122e-02    1.121203e-02    7.909496e-04
    7     26        2   -1.725626e-02   -1.530474e-02    1.148541e-03
    7     27        1    1.146835e-02    1.152230e-02    8.050053e-04
    7     27        2   -1.693840e-02   -1.526560e-02    1.143821e-03
    7     28        1    1.145780e-02    1.176048e-02    8.160330e-04
    7     28        2   -1.639200e-02   -1.519926e-02    1.136755e-03
    7     29        1    1.087966e-02    1.193392e-02    8.244079e-04
    7     29        2   -1.756932e-02   -1.506121e-02    1.123453e-03
    7     30        1    1.173043e-02    1.204930e-02    8.304393e-04
    7     30        2   -1.411655e-02   -1.474504e-02    1.094536e-03
    7     31        1    1.122310e-02    1.211794e-02    8.345894e-04
    7     31        2   -1.628103e-02   -1.411991e-02    1.038397e-03
    7     32        1    1.132398e-02    1.215985e-02    8.376454e-04
    7     32        2   -1.447157e-02   -1.331511e-02    9.661805e-04
    7     33        1    1.129134e-02    1.219403e-02    8.403518e-04
    7     33        2   -1.264117e-02   -1.271819e-02    9.120089e-04
    7     34        1    1.149816e-02    1.222878e-02    8.430349e-04
    7     34        2   -1.310394e-02   -1.241221e-02    8.835846e-04
    7     35        1    1.127261e-02    1.226518e-02    8.457374e-04
    7     35        2   -1.352314e-02   -1.229304e-02    8.719719e-04
    7     36        1    1.095755e-02    1.230208e-02    8.484132e-04
    7     36        2   -1.353611e-02   -1.226591e-02    8.688358e-04
    7     37        1    1.128514e-02    1.233820e-02    8.510130e-04
    7     37        2   -1.325692e-02   -1.227794e-02    8.694393e-04
    7     38        1    1.115670e-02    1.237265e-02    8.535019e-04
    7     38        2   -1.260804e-02   -1.230395e-02    8.714785e-04
    7     39        1    1.076738e-02    1.240490e-02    8.558601e-04
    7     39        2   -1.240196e-02   -1.233288e-02    8.739124e-04
    7     40        1    1.211991e-02    1.243471e-02    8.580793e-04
    7     40        2   -1.326921e-02   -1.236024e-02    8.762982e-04
    7     41        1    1.281760e-02    1.246199e-02    8.601566e-04
    7     41        2   -1.385558e-02   -1.238449e-02    8.784689e-04
    8      1        1    7.324800e-03    7.239274e-03    5.222528e-04
    8      1        2   -9.419079e-03   -8.147133e-03    5.902424e-04
    8      2        1    7.346016e-03    7.174844e-03    5.198718e-04
    8      2        2   -9.389975e-03   -8.185348e-03    5.937729e-04
    8      3        1    7.222388e-03    7.100202e-03    5.171020e-04
    8      3        2   -9.115347e-03   -8.229098e-03    5.977700e-04
    8      4        1    6.903134e-03    7.012523e-03    5.138236e-04
    8      4        2   -9.951880e-03   -8.277571e-03    6.021587e-04
    8      5        1    7.789243e-03    6.907994e-03    5.098711e-04
    8      5        2   -7.610851e-03   -8.327555e-03    6.066592e-04
    8      6        1    8.495204e-03    6.781489e-03    5.050158e-04
    8      6        2   -9.190764e-03   -8.370398e-03    6.105336e-04
    8      7        1    7.438409e-03    6.626313e-03    4.989488e-04
    8      7        2   -9.202737e-03   -8.385543e-03    6.120504e-04
    8      8        1    7.463004e-03    6.434511e-03    4.912836e-04
    8      8        2   -9.403121e-03   -8.327507e-03    6.074171e-04
    8      9        1    6.448585e-03    6.199156e-03    4.816427e-04
    8      9        2   -8.571753e-03   -8.104333e-03    5.890408e-04
    8     10        1    6.723731e-03    5.921512e-03    4.699654e-04
    8     10        2   -8.874653e-03   -7.567103e-03    5.447479e-04
    8     11        1    8.122448e-03    5.624405e-03    4.571421e-04
    8     11        2   -6.691253e-03   -6.618116e-03    4.667086e-04
    8     12        1    7.294955e-03    5.354818e-03    4.452502e-04
    8     12        2   -4.674072e-03   -5.519584e-03    3.765360e-04
    8     13        1    6.303848e-03    5.149683e-03    4.360614e-04
    8     13        2   -3.898812e-03   -4.702806e-03    3.095591e-04
    8     14        1    7.201340e-03    5.015078e-03    4.299700e-04
    8     14        2   -3.374334e-03   -4.240225e-03    2.716543e-04
    8     15        1    7.023481e-03    4.943179e-03    4.266821e-04
    8     15        2   -3.240393e-03   -4.031030e-03    2.544446e-04
    8     16        1    7.256251e-03    4.926725e-03    4.258862e-04
    8     16        2   -3.270514e-03   -4.000649e-03    2.517326e-04
    8     17        1    6.620938e-03    4.963701e-03    4.274903e-04
    8     17        2   -3.049633e-03   -4.143721e-03    2.630145e-04
    8     18        1    7.724448e-03    5.058259e-03    4.316707e-04
    8     18        2   -3.864027e-03   -4.531920e-03    2.941243e-04
    8     19        1    6.833822e-03    5.220065e-03    4.388299e-04
    8     19        2   -4.635236e-03   -5.316416e-03    3.575032e-04
    8     20        1    7.620478e-03    5.459361e-03    4.493454e-04
    8     20        2   -6.064336e-03   -6.642737e-03    4.652058e-04
    8     21        1    7.362535e-03    5.770705e-03    4.628243e-04
    8     21        2   -9.012756e-03   -8.273520e-03    5.978872e-04
    8     22        1    7.632869e-03    6.112994e-03    4.773127e-04
    8     22        2   -1.019069e-02   -9.434394e-03    6.923562e-04
    8     23        1    8.081497e-03    6.432209e-03    4.904699e-04
    8     23        2   -1.183095e-02   -9.948167e-03    7.340742e-04
    8     24        1    7.527423e-03    6.700980e-03    5.012595e-04
    8     24        2   -1.004066e-02   -1.011297e-02    7.472782e-04
    8     25        1    7.236603e-03    6.916595e-03    5.097121e-04
    8     25        2   -1.150003e-02   -1.014032e-02    7.492144e-04
    8     26        1    7.026846e-03    7.085893e-03    5.162171e-04
    8     26        2   -1.120529e-02   -1.012022e-02    7.472501e-04
    8     27        1    7.416366e-03    7.216851e-03    5.211681e-04
    8     27        2   -1.083692e-02   -1.008209e-02    7.438114e-04
    8     28        1    7.064389e-03    7.315793e-03    5.248619e-04
    8     28        2   -1.079386e-02   -1.002399e-02    7.387624e-04
    8     29        1    7.213522e-03    7.387111e-03    5.274974e-04
    8     29        2   -1.097263e-02   -9.912941e-03    7.294428e-04
    8     30        1    7.090514e-03    7.434361e-03    5.292266e-04
    8     30        2   -1.058357e-02   -9.669420e-03    7.094154e-04
    8     31        1    8.595459e-03    7.462720e-03    5.302539e-04
    8     31        2   -8.424673e-03   -9.194830e-03    6.706712e-04
    8     32        1    8.144415e-03    7.480757e-03    5.309086e-04
    8     32        2   -8.480820e-03   -8.583290e-03    6.207350e-04
    8     33        1    6.857127e-03    7.496466e-03    5.314958e-04
    8     33        2   -8.705435e-03   -8.124309e-03    5.830328e-04
    8     34        1    7.208400e-03    7.513221e-03    5.321422e-04
    8     34        2   -7.738928e-03   -7.883523e-03    5.630199e-04
    8     35        1    7.797486e-03    7.531336e-03    5.328566e-04
    8     35        2   -7.842094e-03   -7.785176e-03    5.546501e-04
    8     36        1    7.361074e-03    7.550210e-03    5.336134e-04
    8     36        2   -8.371019e-03   -7.758525e-03    5.522015e-04
    8     37        1    7.548334e-03    7.569215e-03    5.343862e-04
    8     37        2   -7.231168e-03   -7.763398e-03    5.523964e-04
    8     38        1    7.777256e-03    7.587899e-03    5.351561e-04
    8     38        2   -7.778168e-03   -7.780304e-03    5.536294e-04
    8     39        1    7.904129e-03    7.605983e-03    5.359112e-04
    8     39        2   -7.577397e-03   -7.800468e-03    5.551689e-04
    8     40        1    6.687674e-03    7.623309e-03    5.366444e-04
    8     40        2   -7.914878e-03   -7.820191e-03    5.567006e-04
    8     41        1    7.329700e-03    7.639801e-03    5.373520e-04
    8     41        2   -9.063275e-03   -7.838086e-03    5.581028e-04
    9      1        1    4.381271e-03    4.671363e-03    3.358811e-04
    9      1        2   -5.554718e-03   -5.224136e-03    3.769006e-04
    9      2        1    5.105397e-03    4.647602e-03    3.351024e-04
    9      2        2   -5.559136e-03   -5.253465e-03    3.792872e-04
    9      3        1    4.917461e-03    4.619602e-03    3.341704e-04
    9      3        2   -5.857947e-03   -5.286745e-03    3.819823e-04
    9      4        1    4.164321e-03    4.586064e-03    3.330339e-04
    9      4        2   -5.525471e-03   -5.323350e-03    3.849341e-04
    9      5        1    4.514716e-03    4.545200e-03    3.316217e-04
    9      5        2   -5.154351e-03   -5.360913e-03    3.879536e-04
    9      6        1    5.400859e-03    4.494534e-03    3.298329e-04
    9      6        2   -5.795294e-03   -5.393173e-03    3.905454e-04
    9      7        1    5.215495e-03    4.430717e-03    3.275284e-04
    9      7        2   -5.292860e-03   -5.405392e-03    3.915507e-04
    9      8        1    4.358325e-03    4.349544e-03    3.245277e-04
    9      8        2   -5.631531e-03   -5.365215e-03    3.884389e-04
    9      9        1    4.888761e-03    4.246837e-03    3.206400e-04
    9      9        2   -5.232533e-03   -5.207674e-03    3.761540e-04
    9     10        1    4.999271e-03    4.121748e-03    3.157937e-04
    9     10        2   -4.740249e-03   -4.828172e-03    3.465972e-04
    9     11        1    4.969932e-03    3.983663e-03    3.103285e-04
    9     11        2   -4.264072e-03   -4.158372e-03    2.945239e-04
    9     12        1    4.847021e-03    3.855009e-03    3.051485e-04
    9     12        2   -3.708831e-03   -3.381781e-03    2.341849e-04
    9     13        1    4.355553e-03    3.755235e-03    3.010843e-04
    9     13        2   -2.313180e-03   -2.801653e-03    1.890981e-04
    9     14        1    4.493285e-03    3.688956e-03    2.983643e-04
    9     14        2   -2.084855e-03   -2.470966e-03    1.633885e-04
    9     15        1    5.128627e-03    3.653216e-03    2.968866e-04
    9     15        2   -2.087724e-03   -2.319971e-03    1.516266e-04
    9     16        1    4.393809e-03    3.644751e-03    2.965228e-04
    9     16        2   -1.995763e-03   -2.296297e-03    1.497250e-04
    9     17        1    4.813457e-03    3.662606e-03    2.972338e-04
    9     17        2   -2.072817e-03   -2.395950e-03    1.573579e-04
    9     18        1    4.401014e-03    3.708669e-03    2.990940e-04
    9     18        2   -2.648900e-03   -2.669014e-03    1.784119e-04
    9     19        1    4.600147e-03    3.787197e-03    3.022682e-04
    9     19        2   -3.078595e-03   -3.220883e-03    2.210949e-04
    9     20        1    4.573479e-03    3.902033e-03    3.068873e-04
    9     20        2   -4.218163e-03   -4.151744e-03    2.932054e-04
    9     21        1    4.424572e-03    4.048500e-03    3.127132e-04
    9     21        2   -5.289953e-03   -5.293283e-03    3.816547e-04
    9     22        1    4.155960e-03    4.205069e-03    3.188316e-04
    9     22        2   -6.398366e-03   -6.104486e-03    4.444957e-04
    9     23        1    5.029394e-03    4.346408e-03    3.242342e-04
    9     23        2   -7.287847e-03   -6.462675e-03    4.722211e-04
    9     24        1    4.804941e-03    4.461581e-03    3.285337e-04
    9     24        2   -6.880219e-03   -6.576416e-03    4.809822e-04
    9     25        1    4.625482e-03    4.551162e-03    3.317992e-04
    9     25        2   -7.045622e-03   -6.593668e-03    4.822463e-04
    9     26        1    4.969375e-03    4.619487e-03    3.342318e-04
    9     26        2   -7.468256e-03   -6.577530e-03    4.809111e-04
    9     27        1    5.112395e-03    4.670864e-03    3.360169e-04
    9     27        2   -6.457143e-03   -6.548752e-03    4.785923e-04
    9     28        1    4.939021e-03    4.708519e-03    3.372896e-04
    9     28        2   -6.920826e-03   -6.506114e-03    4.752021e-04
    9     29        1    4.435153e-03    4.734620e-03    3.381384e-04
    9     29        2   -6.599642e-03   -6.426728e-03    4.689752e-04
    9     30        1    4.415015e-03    4.750833e-03    3.386289e-04
    9     30        2   -5.901962e-03   -6.255266e-03    4.556387e-04
    9     31        1    5.002776e-03    4.759412e-03    3.388461e-04
    9     31        2   -6.117778e-03   -5.922862e-03    4.298642e-04
    9     32        1    4.688686e-03    4.763978e-03    3.389248e-04
    9     32        2   -6.514636e-03   -5.494212e-03    3.966134e-04
    9     33        1    4.414719e-03    4.767871e-03    3.389886e-04
    9     33        2   -5.198235e-03   -5.170764e-03    3.714419e-04
    9     34        1    5.496445e-03    4.772470e-03    3.390877e-04
    9     34        2   -4.861188e-03   -4.999358e-03    3.580211e-04
    9     35        1    4.921842e-03    4.777870e-03    3.392245e-04
    9     35        2   -5.228711e-03   -4.927931e-03    3.523609e-04
    9     36        1    4.856979e-03    4.783790e-03    3.393872e-04
    9     36        2   -4.672953e-03   -4.907264e-03    3.506609e-04
    9     37        1    4.728121e-03    4.789942e-03    3.395645e-04
    9     37        2   -4.347094e-03   -4.909193e-03    3.507360e-04
    9     38        1    4.398811e-03    4.796119e-03    3.397480e-04
    9     38        2   -5.154074e-03   -4.919950e-03    3.515132e-04
    9     39        1    4.830363e-03    4.802193e-03    3.399324e-04
    9     39        2   -5.725210e-03   -4.933275e-03    3.525017e-04
    9     40        1    5.004110e-03    4.808085e-03    3.401144e-04
    9     40        2   -5.023670e-03   -4.946494e-03    3.534902e-04
    9     41        1    4.838625e-03    4.813755e-03    3.402923e-04
    9     41        2   -4.783047e-03   -4.958575e-03    3.543957e-04
   10      1        1    3.316483e-03    2.939769e-03    2.133874e-04
   10      1        2   -3.213693e-03   -3.399962e-03    2.406534e-04
   10      2        1    2.994311e-03    2.930986e-03    2.131013e-04
   10      2        2   -3.441615e-03   -3.420908e-03    2.422280e-04
   10      3        1    3.169772e-03    2.920511e-03    2.127544e-04
   10      3        2   -3.763543e-03   -3.444574e-03    2.440036e-04
   10      4        1    2.874793e-03    2.907794e-03    2.123256e-04
   10      4        2   -3.590877e-03   -3.470508e-03    2.459456e-04
   10      5        1    3.111149e-03    2.892072e-03    2.117856e-04
   10      5        2   -3.071410e-03   -3.497047e-03    2.479295e-04
   10      6        1    3.262490e-03    2.872272e-03    2.110923e-04
   10      6        2   -3.651198e-03   -3.519819e-03    2.496294e-04
   10      7        1    2.960758e-03    2.846916e-03    2.101873e-04
   10      7        2   -3.166623e-03   -3.528588e-03    2.502851e-04
   10      8        1    3.508649e-03    2.814094e-03    2.089935e-04
   10      8        2   -3.478668e-03   -3.500967e-03    2.482378e-04
   10      9        1    2.987325e-03    2.771792e-03    2.074263e-04
   10      9        2   -3.740391e-03   -3.392171e-03    2.401787e-04
   10     10        1    3.280704e-03    2.719276e-03    2.054465e-04
   10     10        2   -3.051156e-03   -3.130327e-03    2.208109e-04
   10     11        1    3.308750e-03    2.660195e-03    2.031844e-04
   10     11        2   -2.781304e-03   -2.668590e-03    1.866956e-04
   10     12        1    3.111178e-03    2.604226e-03    2.010153e-04
   10     12        2   -2.123133e-03   -2.132825e-03    1.471166e-04
   10     13        1    3.309070e-03    2.560271e-03    1.992979e-04
   10     13        2   -1.652258e-03   -1.731590e-03    1.174586e-04
   10     14        1    3.032093e-03    2.530819e-03    1.981411e-04
   10     14        2   -1.370095e-03   -1.502127e-03    1.004863e-04
   10     15        1    3.242570e-03    2.514819e-03    1.975093e-04
   10     15        2   -1.179143e-03   -1.396921e-03    9.269575e-05
   10     16        1    2.847188e-03    2.510924e-03    1.973511e-04
   10     16        2   -1.257508e-03   -1.380005e-03    9.142764e-05
   10     17        1    2.840003e-03    2.518724e-03    1.976504e-04
   10     17        2   -1.225739e-03   -1.448600e-03    9.647355e-05
   10     18        1    3.116187e-03    2.539011e-03    1.984376e-04
   10     18        2   -1.661417e-03   -1.637141e-03    1.103778e-04
   10     19        1    2.675448e-03    2.573527e-03    1.997785e-04
   10     19        2   -1.902819e-03   -2.017943e-03    1.384878e-04
   10     20        1    3.205406e-03    2.623634e-03    2.017193e-04
   10     20        2   -2.565328e-03   -2.659236e-03    1.858385e-04
   10     21        1    2.759165e-03    2.686735e-03    2.041446e-04
   10     21        2   -3.829510e-03   -3.444417e-03    2.437965e-04
   10     22        1    3.262098e-03    2.753013e-03    2.066603e-04
   10     22        2   -4.098515e-03   -4.001868e-03    2.849340e-04
   10     23        1    3.008347e-03    2.811660e-03    2.088507e-04
   10     23        2   -3.925291e-03   -4.247812e-03    3.030786e-04
   10     24        1    2.924967e-03    2.858499e-03    2.105687e-04
   10     24        2   -4.366633e-03   -4.325642e-03    3.088110e-04
   10     25        1    3.183083e-03    2.894233e-03    2.118546e-04
   10     25        2   -4.166504e-03   -4.337045e-03    3.096353e-04
   10     26        1    2.913519e-03    2.920978e-03    2.127977e-04
   10     26        2   -4.296827e-03   -4.325427e-03    3.087568e-04
   10     27        1    3.522330e-03    2.940700e-03    2.134775e-04
   10     27        2   -4.849248e-03   -4.305091e-03    3.072331e-04
   10     28        1    3.187845e-03    2.954826e-03    2.139509e-04
   10     28        2   -4.421414e-03   -4.275241e-03    3.050073e-04
   10     29        1    2.917131e-03    2.964299e-03    2.142545e-04
   10     29        2   -4.541328e-03   -4.220206e-03    3.009257e-04
   10     30        1    3.200253e-03    2.969825e-03    2.144154e-04
   10     30        2   -3.577834e-03   -4.102057e-03    2.921941e-04
   10     31        1    2.922299e-03    2.972332e-03    2.144680e-04
   10     31        2   -3.764837e-03   -3.873501e-03    2.753255e-04
   10     32        1    2.971697e-03    2.973291e-03    2.144670e-04
   10     32        2   -3.091796e-03   -3.578605e-03    2.535537e-04
   10     33        1    3.207535e-03    2.974056e-03    2.144621e-04
   10     33        2   -3.382039e-03   -3.355457e-03    2.370508e-04
   10     34        1    3.222910e-03    2.975178e-03    2.144735e-04
   10     34        2   -3.220067e-03   -3.236595e-03    2.282333e-04
   10     35        1    3.326793e-03    2.976688e-03    2.145019e-04
   10     35        2   -3.204880e-03   -3.186561e-03    2.245000e-04
   10     36        1    2.848119e-03    2.978463e-03    2.145424e-04
   10     36        2   -3.091003e-03   -3.171611e-03    2.233649e-04
   10     37        1    3.423172e-03    2.980381e-03    2.145902e-04
   10     37        2   -3.413510e-03   -3.172361e-03    2.233964e-04
   10     38        1    3.035703e-03    2.982354e-03    2.146419e-04
   10     38        2   -2.928250e-03   -3.179300e-03    2.238903e-04
   10     39        1    2.675054e-03    2.984326e-03    2.146951e-04
   10     39        2   -3.021941e-03   -3.188085e-03    2.245243e-04
   10     40        1    3.248609e-03    2.986264e-03    2.147487e-04
   10     40        2   -3.123495e-03   -3.196846e-03    2.251590e-04
   10     41        1    2.921115e-03    2.988148e-03    2.148017e-04
   10     41        2   -3.181597e-03   -3.204857e-03    2.257400e-04
   11      1        1    2.010801e-03    1.904230e-03    1.380024e-04
   11      1        2   -1.962677e-03   -2.140256e-03    1.500272e-04
   11      2        1    2.089590e-03    1.900814e-03    1.378902e-04
   11      2        2   -2.170313e-03   -2.154018e-03    1.510237e-04
   11      3        1    2.221363e-03    1.896695e-03    1.377528e-04
   11      3        2   -2.141410e-03   -2.169547e-03    1.521472e-04
   11      4        1    1.886477e-03    1.891636e-03    1.375813e-04
   11      4        2   -2.218678e-03   -2.186542e-03    1.533757e-04
   11      5        1    2.116214e-03    1.885308e-03    1.373634e-04
   11      5        2   -2.139364e-03   -2.203910e-03    1.546299e-04
   11      6        1    2.119961e-03    1.877243e-03    1.370812e-04
   11      6        2   -2.174253e-03   -2.218795e-03    1.557033e-04
   11      7        1    2.271157e-03    1.866789e-03    1.367100e-04
   11      7        2   -2.450956e-03   -2.224517e-03    1.561140e-04
   11      8        1    1.940354e-03    1.853092e-03    1.362167e-04
   11      8        2   -2.185140e-03   -2.206504e-03    1.548118e-04
   11      9        1    2.007858e-03    1.835222e-03    1.355645e-04
   11      9        2   -1.880437e-03   -2.135655e-03    1.497032e-04
   11     10        1    2.023373e-03    1.812759e-03    1.347345e-04
   11     10        2   -1.937553e-03   -1.965345e-03    1.374387e-04
   11     11        1    2.000342e-03    1.787184e-03    1.337793e-04
   11     11        2   -1.523784e-03   -1.665225e-03    1.158423e-04
   11     12        1    1.896699e-03    1.762701e-03    1.328573e-04
   11     12        2   -1.208835e-03   -1.316868e-03    9.077495e-05
   11     13        1    1.779045e-03    1.743324e-03    1.321237e-04
   11     13        2   -9.840982e-04   -1.055640e-03    7.196694e-05
   11     14        1    1.860101e-03    1.730270e-03    1.316278e-04
   11     14        2   -8.625401e-04   -9.059957e-04    6.118597e-05
   11     15        1    2.020185e-03    1.723148e-03    1.313566e-04
   11     15        2   -8.140776e-04   -8.372570e-04    5.622992e-05
   11     16        1    1.852962e-03    1.721388e-03    1.312887e-04
   11     16        2   -8.230313e-04   -8.261005e-04    5.542098e-05
   11     17        1    1.720402e-03    1.724814e-03    1.314174e-04
   11     17        2   -7.942371e-04   -8.707227e-04    5.862888e-05
   11     18        1    2.137605e-03    1.733764e-03    1.317555e-04
   11     18        2   -9.252407e-04   -9.934881e-04    6.746345e-05
   11     19        1    1.955396e-03    1.748971e-03    1.323301e-04
   11     19        2   -1.259616e-03   -1.241310e-03    8.530120e-05
   11     20        1    2.199859e-03    1.770947e-03    1.331586e-04
   11     20        2   -1.631433e-03   -1.658267e-03    1.153084e-04
   11     21        1    2.165707e-03    1.798403e-03    1.341881e-04
   11     21        2   -2.075780e-03   -2.168323e-03    1.520028e-04
   11     22        1    1.959218e-03    1.826927e-03    1.352486e-04
   11     22        2   -2.312637e-03   -2.530273e-03    1.780365e-04
   11     23        1    2.130522e-03    1.851851e-03    1.361650e-04
   11     23        2   -2.691550e-03   -2.689923e-03    1.895183e-04
   11     24        1    2.175330e-03    1.871503e-03    1.368786e-04
   11     24        2   -2.378522e-03   -2.740394e-03    1.931460e-04
   11     25        1    1.989566e-03    1.886306e-03    1.374089e-04
   11     25        2   -2.779533e-03   -2.747704e-03    1.936677e-04
   11     26        1    2.054619e-03    1.897244e-03    1.377950e-04
   11     26        2   -2.654007e-03   -2.740043e-03    1.931111e-04
   11     27        1    2.110409e-03    1.905197e-03    1.380710e-04
   11     27        2   -2.757074e-03   -2.726711e-03    1.921459e-04
   11     28        1    2.097696e-03    1.910794e-03    1.382609e-04
   11     28        2   -2.487590e-03   -2.707201e-03    1.907361e-04
   11     29        1    2.023203e-03    1.914447e-03    1.383803e-04
   11     29        2   -2.621507e-03   -2.671355e-03    1.881522e-04
   11     30        1    1.824724e-03    1.916459e-03    1.384405e-04
   11     30        2   -2.785024e-03   -2.594583e-03    1.826272e-04
   11     31        1    1.795724e-03    1.917222e-03    1.384559e-04
   11     31        2   -2.631306e-03   -2.446195e-03    1.719551e-04
   11     32        1    1.976282e-03    1.917355e-03    1.384492e-04
   11     32        2   -2.474569e-03   -2.254675e-03    1.581777e-04
   11     33        1    2.274346e-03    1.917425e-03    1.384412e-04
   11     33        2   -1.959417e-03   -2.109562e-03    1.477285e-04
   11     34        1    1.720325e-03    1.917663e-03    1.384401e-04
   11     34        2   -2.152116e-03   -2.032093e-03    1.421406e-04
   11     35        1    1.982135e-03    1.918079e-03    1.384462e-04
   11     35        2   -2.193130e-03   -1.999351e-03    1.397714e-04
   11     36        1    1.933093e-03    1.918619e-03    1.384574e-04
   11     36        2   -1.791458e-03   -1.989451e-03    1.390484e-04
   11     37        1    1.973888e-03    1.919231e-03    1.384719e-04
   11     37        2   -1.952638e-03   -1.989798e-03    1.390653e-04
   11     38        1    1.857699e-03    1.919876e-03    1.384879e-04
   11     38        2   -2.025115e-03   -1.994201e-03    1.393759e-04
   11     39        1    1.809048e-03    1.920529e-03    1.385047e-04
   11     39        2   -1.902447e-03   -1.999826e-03    1.397757e-04
   11     40        1    1.933452e-03    1.921177e-03    1.385217e-04
   11     40        2   -1.849256e-03   -2.005453e-03    1.401765e-04
   11     41        1    2.167355e-03    1.921809e-03    1.385385e-04
   11     41        2   -1.812907e-03   -2.010602e-03    1.405435e-04
